{
  "cx": 318.8965,
  "cy": 238.3781,
  "depth_scale": 1.0,
  "fx": 537.4799,
  "fy": 536.1447,
  "height": 480,
  "width": 640
}

obj_000020 <-> 000000
[[-0.3585198 , -0.9331392 , -0.02674471,  0.03038651],
 [-0.5613772 ,  0.2383994 , -0.7924783 , -0.14480895],
 [ 0.7458687 , -0.2691055 , -0.6093139 ,  0.9303811 ],
 [ 0.        ,  0.        ,  0.        ,  1.        ]]

obj_000002 <-> 000001
 [[ 0.9459639 ,  0.2975905 ,  0.1288116 , -0.02397835],
 [ 0.2338048 , -0.3506833 , -0.9068392 ,  0.01315875],
 [-0.2246945 ,  0.8879538 , -0.4013111 ,  0.69887833],
 [ 0.        ,  0.        ,  0.        ,  1.        ]]

obj_000004 <-> 000002
[[ 0.2634401 , -0.9627546 ,  0.06085515, -0.03428259],
 [-0.6220372 , -0.2177485 , -0.7521006 ,  0.09292656],
 [ 0.7373394 ,  0.1602784 , -0.656233  ,  0.67890099],
 [ 0.        ,  0.        ,  0.        ,  1.        ]]

obj_000001 <-> 000003
[[-0.7920548 , -0.610433  , -0.00468463,  0.22998391],
 [-0.413941  ,  0.5427086 , -0.7308354 , -0.05642962],
 [ 0.4486685 , -0.5769216 , -0.6825386 ,  0.78255429],
 [ 0.        ,  0.        ,  0.        ,  1.        ]]

obj_000003 <-> 000004
[[-0.09925408, -0.9943007 ,  0.03891006, -0.02569659],
 [-0.5974331 ,  0.0282752 , -0.8014196 , -0.11227253],
 [ 0.7957524 , -0.1027901 , -0.5968359 ,  0.94428134],
 [ 0.        ,  0.        ,  0.        ,  1.        ]]

obj_000005 <-> 000006
[[ 0.4747204 , -0.8649525 , -0.1627796 ,  0.0113274 ],
 [-0.8587238 , -0.4146318 , -0.3011233 ,  0.02423725],
 [ 0.1929639 ,  0.2827317 , -0.9395891 ,  0.69962666],
 [ 0.        ,  0.        ,  0.        ,  1.        ]]

 obj_000011 <-> 000007
[[-0.3509751 , -0.9342309 ,  0.06346747,  0.04644959],
 [-0.6219034 ,  0.1818934 , -0.761676  ,  0.00419793],
 [ 0.7000377 , -0.3068008 , -0.6448412 ,  0.8167218 ],
 [ 0.        ,  0.        ,  0.        ,  1.        ]]
 
 obj_000015 <-> 000008
[[-0.861249  ,  0.5081583 ,  0.00507448,  0.07082209],
 [ 0.3487111 ,  0.5982177 , -0.7214826 ,  0.138625  ],
 [-0.3696622 , -0.619607  , -0.6924143 ,  0.65577998],
 [ 0.        ,  0.        ,  0.        ,  1.        ]]

  obj_000012 <-> 000009
[[-0.6247168 , -0.03628853,  0.7800077 ,  0.18693721],
 [ 0.5153587 ,  0.7312962 ,  0.4467784 ,  0.03768027],
 [-0.5866301 ,  0.6810942 , -0.4381516 ,  0.75339897],
 [ 0.        ,  0.        ,  0.        ,  1.        ]]

   obj_000032 <-> 000010
[[-0.9243661 ,  0.3814144 ,  0.0083336 ,  0.03806018],
 [ 0.242557  ,  0.6044233 , -0.7588403 ,  0.07444022],
 [-0.2944704 , -0.6994261 , -0.6512232 ,  0.71859465],
 [ 0.        ,  0.        ,  0.        ,  1.        ]]