{
  "cx": 318.8965,
  "cy": 238.3781,
  "depth_scale": 1.0,
  "fx": 537.4799,
  "fy": 536.1447,
  "height": 480,
  "width": 640
}

obj_000020 <-> 000000
[[-0.3585198 , -0.9331392 , -0.02674471,  30.38651],
 [-0.5613772 ,  0.2383994 , -0.7924783 , -144.80895],
 [ 0.7458687 , -0.2691055 , -0.6093139 ,  930.3811 ],
 [ 0.        ,  0.        ,  0.        ,  1.        ]]

obj_000002 <-> 000001
 [[ 0.9459639 ,  0.2975905 ,  0.1288116 , -23.97835],
 [ 0.2338048 , -0.3506833 , -0.9068392 ,  13.15875],
 [-0.2246945 ,  0.8879538 , -0.4013111 ,  698.87833],
 [ 0.        ,  0.        ,  0.        ,  1.        ]]

obj_000004 <-> 000002
[[ 0.2634401 , -0.9627546 ,  0.06085515, -34.28259],
 [-0.6220372 , -0.2177485 , -0.7521006 ,  92.92656],
 [ 0.7373394 ,  0.1602784 , -0.656233  ,  678.90099],
 [ 0.        ,  0.        ,  0.        ,  1.        ]]

obj_000001 <-> 000003
[[-0.7920548 , -0.610433  , -0.00468463,  229.98391],
 [-0.413941  ,  0.5427086 , -0.7308354 , -56.42962],
 [ 0.4486685 , -0.5769216 , -0.6825386 ,  782.55429],
 [ 0.        ,  0.        ,  0.        ,  1.        ]]

obj_000003 <-> 000004
[[-0.09925408, -0.9943007 ,  0.03891006, -25.69659],
 [-0.5974331 ,  0.0282752 , -0.8014196 , -112.27253],
 [ 0.7957524 , -0.1027901 , -0.5968359 ,  944.28134],
 [ 0.        ,  0.        ,  0.        ,  1.        ]]

obj_000005 <-> 000006
[[ 0.4747204 , -0.8649525 , -0.1627796 ,  11.3274],
 [-0.8587238 , -0.4146318 , -0.3011233 ,  24.23725],
 [ 0.1929639 ,  0.2827317 , -0.9395891 ,  699.62666],
 [ 0.        ,  0.        ,  0.        ,  1.        ]]

 obj_000008 <-> 000005
[[ -0.2397944, 0.9697145, 0.04639483 ,  -67.7004],
 [  0.5872729, 0.106838, 0.8023068 ,  -55.83519],
 [  0.773051, 0.2196354, -0.5951062 ,  860.72935],
 [  0.        ,  0.        ,  0.        ,  1.        ]]

 obj_000011 <-> 000007
[[-0.3509751 , -0.9342309 ,  0.06346747,  46.44959],
 [-0.6219034 ,  0.1818934 , -0.761676  ,  4.19793],
 [ 0.7000377 , -0.3068008 , -0.6448412 ,  816.7218 ],
 [ 0.        ,  0.        ,  0.        ,  1.        ]]
 
 obj_000015 <-> 000008
[[-0.861249  ,  0.5081583 ,  0.00507448,  70.82209],
 [ 0.3487111 ,  0.5982177 , -0.7214826 ,  138.625  ],
 [-0.3696622 , -0.619607  , -0.6924143 ,  655.77998],
 [ 0.        ,  0.        ,  0.        ,  1.        ]]

  obj_000012 <-> 000009
[[-0.6247168 , -0.03628853,  0.7800077 ,  186.93721],
 [ 0.5153587 ,  0.7312962 ,  0.4467784 ,  37.68027],
 [-0.5866301 ,  0.6810942 , -0.4381516 ,  753.39897],
 [ 0.        ,  0.        ,  0.        ,  1.        ]]

   obj_000032 <-> 000010
[[-0.9243661 ,  0.3814144 ,  0.0083336 ,  38.06018],
 [ 0.242557  ,  0.6044233 , -0.7588403 ,  74.44022],
 [-0.2944704 , -0.6994261 , -0.6512232 ,  718.59465],
 [ 0.        ,  0.        ,  0.        ,  1.        ]]