{
  "cx": 325.2611,
  "cy": 242.04899,
  "depth_scale": 1.0,
  "fx": 572.4114,
  "fy": 573.57043,
  "height": 480,
  "width": 640
}

obj_000001 <-> 000019
[[-0.45818201,  0.88884002,  0.00577884, -181.32966],
 [ 0.84785402,  0.438988  , -0.29737699, -118.97612],
 [-0.26685801, -0.13135301, -0.95474303,  1006.37469],
 [ 0.        ,  0.        ,  0.        ,  1.        ]]


obj_000002 <-> 000047
[[ 0.50359601,  0.86144   ,  0.0656631 ,  124.04773],
 [ 0.59978998, -0.293908  , -0.74422401, -38.46427],
 [-0.62180603,  0.41417301, -0.66469401,  946.82215],
 [ 0.        ,  0.        ,  0.        ,  1.        ]]

obj_000004 <-> 000044
[[-0.35177401,  0.90803897, -0.227421  ,  49.92353],
 [ 0.833709  ,  0.193441  , -0.517214  , -72.17029],
 [-0.425657  , -0.371546  , -0.82508802,  905.55592],
 [ 0.        ,  0.        ,  0.        ,  1.        ]]

obj_000005 <-> 000057
[[ 0.84208399, -0.49110499, -0.222958  ,  243.57049],
 [-0.41545299, -0.32701799, -0.84879798, -29.45241],
 [ 0.34393799,  0.80738801, -0.479408  ,  963.07225],
 [ 0.        ,  0.        ,  0.        ,  1.        ]]

obj_000007 <-> 000329
[[-0.0276229 ,  0.99958003, -0.00875416, -9.73895],
 [ 0.98869503,  0.0260288 , -0.14766499, -19.15162],
 [-0.147375  , -0.0127341 , -0.98899901,  746.87581],
 [ 0.        ,  0.        ,  0.        ,  1.        ]]

obj_000009 <-> 000052
[[ 0.92090601, -0.38821799,  0.0349258 , -67.61805],
[-0.154846  , -0.44659701, -0.88123399, -28.9228 ],
[ 0.35770801,  0.806126  , -0.47138801,  1050.05166],
[ 0.        ,  0.        ,  0.        ,  1.        ]]

obj_000011 <-> 000024
[[ 0.830208  ,  0.54586202,  0.113091  , -86.67578],
 [ 0.51065302, -0.66332603, -0.54702199, -125.05991],
 [-0.223582  ,  0.51189202, -0.82944399,  762.10326],
 [ 0.        ,  0.        ,  0.        ,  1.        ]]

obj_000013 <-> 000061
[[-0.0296258 , -0.99709803, -0.0701343 ,  14.5969 ],
 [-0.99949199,  0.0303745 , -0.00963336, -62.81967],
 [ 0.0117357 ,  0.0698132 , -0.997491  ,  791.99742],
 [ 0.        ,  0.        ,  0.        ,  1.        ]]

obj_000014 <-> 000062
[[-0.699359  ,  0.70997202, -0.0826833 , -39.59309],
 [ 0.63521898,  0.56431502, -0.5273    , -74.30696],
 [-0.32770899, -0.421294  , -0.84564698,  1016.03938],
 [ 0.        ,  0.        ,  0.        ,  1.        ]]


obj_000015 <-> 000034
[[-0.33734199,  0.94099402, -0.0270411 ,  39.77907],
 [ 0.917229  ,  0.32208601, -0.234418  , -172.88079],
 [-0.211876  , -0.103882  , -0.97175997,  643.8696 ],
 [ 0.        ,  0.        ,  0.        ,  1.        ]]