{
    "cx": 957.475,
    "cy": 714.920,
    "fx": 1589.958,
    "fy": 1590.548,
    "width": 1920,
    "height": 1440
}

obj_000010 <-> 000001
[[ 0.10129457,  0.91898314, -0.3810635 , -142.05746],
 [-0.77560128, -0.16693244, -0.60874972, -220.30831],
 [-0.62304259,  0.35721638,  0.69585515,  1466.93913],
 [ 0.        ,  0.        ,  0.        ,  1.        ]]

obj_000002 <-> 000002
[[-0.57443456, -0.40212126, -0.71296804,  60.29806],
 [ 0.54314979, -0.8388839 ,  0.0355262 ,  66.71473],
 [-0.61238325, -0.36684097,  0.70029598,  858.27097],
 [ 0.        ,  0.        ,  0.        ,  1.        ]]

 obj_000011 <-> 000006
[[-0.14706539, -0.38861299,  0.90958876, -202.46734],
 [-0.42826208,  0.85394093,  0.29559513,  85.6459 ],
 [-0.89160718, -0.34607057, -0.29201336,  923.27611],
 [ 0.        ,  0.        ,  0.        ,  1.        ]]

 obj_000006 <-> 000012
 [[-0.41414999, -0.90509015, -0.09639294, 254.6912 ],
 [ 0.56210909, -0.33761889,  0.75501447, -21.15927],
 [-0.71590024,  0.25850589,  0.64858427,  924.099  ],
 [ 0.        ,  0.        ,  0.        ,  1.        ]]

  obj_000029 <-> 000013
[[-0.06252105,  0.07663934,  0.99509674, -104.90367],
 [ 0.77905899, -0.61945515,  0.09665615,  22.88463],
 [ 0.62382546,  0.78128211, -0.02097758,  924.65107],
 [ 0.        ,  0.        ,  0.        ,  1.        ]]

  obj_000012 <-> 000023
[[-0.73247859,  0.62202261, -0.27670016,  260.46133],
 [-0.68061023, -0.67841376,  0.2766306 , -52.47093],
 [-0.01564671,  0.39095095,  0.92027851,  864.4546 ],
 [ 0.        ,  0.        ,  0.        ,  1.        ]]

  obj_000031 <-> 000026
[[-0.09289289, -0.05672693,  0.99405883, -86.48496],
 [ 0.39440579, -0.91880436, -0.015576  , -119.35894],
 [ 0.91422917,  0.39061566,  0.10772383,  1141.47339],
 [ 0.        ,  0.        ,  0.        ,  1.        ]]

   obj_000028 <-> 000029
[[-0.14490618, -0.97065317,  0.19192347, -182.5435 ],
 [ 0.60668472, -0.24039208, -0.75772376, -9.7582 ],
 [ 0.78162386,  0.00663818,  0.62371474,  1267.76478],
 [ 0.        ,  0.        ,  0.        ,  1.        ]]

 obj_000009 <-> 000035
 [[-0.55741606, -0.82500497, -0.09302755, 112.56545],
 [-0.73995122,  0.44285792,  0.50630924,  17.57371],
 [-0.37650965,  0.35106075, -0.85731956,  1003.85719],
 [ 0.        ,  0.        ,  0.        ,  1.        ]]

   obj_000033 <-> 000055
[[-0.53339169,  0.45946103,  0.7102034 , -178.80282],
 [ 0.83734026,  0.16788322,  0.5202658 , -239.37623],
 [ 0.11981062,  0.87218736, -0.47427273,  1058.73285],
 [ 0.        ,  0.        ,  0.        ,  1.        ]]