{
    "cx": 957.475,
    "cy": 714.920,
    "fx": 1589.958,
    "fy": 1590.548,
    "width": 1920,
    "height": 1440
}

obj_000010 <-> 000001
[[ 0.10129457,  0.91898314, -0.3810635 , -0.14205746],
 [-0.77560128, -0.16693244, -0.60874972, -0.22030831],
 [-0.62304259,  0.35721638,  0.69585515,  1.46693913],
 [ 0.        ,  0.        ,  0.        ,  1.        ]]

obj_000002 <-> 000002
[[-0.57443456, -0.40212126, -0.71296804,  0.06029806],
 [ 0.54314979, -0.8388839 ,  0.0355262 ,  0.06671473],
 [-0.61238325, -0.36684097,  0.70029598,  0.85827097],
 [ 0.        ,  0.        ,  0.        ,  1.        ]]

 obj_000011 <-> 000006
[[-0.14706539, -0.38861299,  0.90958876, -0.20246734],
 [-0.42826208,  0.85394093,  0.29559513,  0.0856459 ],
 [-0.89160718, -0.34607057, -0.29201336,  0.92327611],
 [ 0.        ,  0.        ,  0.        ,  1.        ]]

 obj_000006 <-> 000012
 [[-0.41414999, -0.90509015, -0.09639294,  0.2546912 ],
 [ 0.56210909, -0.33761889,  0.75501447, -0.02115927],
 [-0.71590024,  0.25850589,  0.64858427,  0.924099  ],
 [ 0.        ,  0.        ,  0.        ,  1.        ]]

  obj_000029 <-> 000013
[[-0.06252105,  0.07663934,  0.99509674, -0.10490367],
 [ 0.77905899, -0.61945515,  0.09665615,  0.02288463],
 [ 0.62382546,  0.78128211, -0.02097758,  0.92465107],
 [ 0.        ,  0.        ,  0.        ,  1.        ]]

  obj_000012 <-> 000023
[[-0.73247859,  0.62202261, -0.27670016,  0.26046133],
 [-0.68061023, -0.67841376,  0.2766306 , -0.05247093],
 [-0.01564671,  0.39095095,  0.92027851,  0.8644546 ],
 [ 0.        ,  0.        ,  0.        ,  1.        ]]

  obj_000031 <-> 000026
[[-0.09289289, -0.05672693,  0.99405883, -0.08648496],
 [ 0.39440579, -0.91880436, -0.015576  , -0.11935894],
 [ 0.91422917,  0.39061566,  0.10772383,  1.14147339],
 [ 0.        ,  0.        ,  0.        ,  1.        ]]

   obj_000028 <-> 000029
[[-0.14490618, -0.97065317,  0.19192347, -0.1825435 ],
 [ 0.60668472, -0.24039208, -0.75772376, -0.0097582 ],
 [ 0.78162386,  0.00663818,  0.62371474,  1.26776478],
 [ 0.        ,  0.        ,  0.        ,  1.        ]]

 obj_000009 <-> 000035
 [[-0.55741606, -0.82500497, -0.09302755,  0.11256545],
 [-0.73995122,  0.44285792,  0.50630924,  0.01757371],
 [-0.37650965,  0.35106075, -0.85731956,  1.00385719],
 [ 0.        ,  0.        ,  0.        ,  1.        ]]

   obj_000033 <-> 000055
[[-0.53339169,  0.45946103,  0.7102034 , -0.17880282],
 [ 0.83734026,  0.16788322,  0.5202658 , -0.23937623],
 [ 0.11981062,  0.87218736, -0.47427273,  1.05873285],
 [ 0.        ,  0.        ,  0.        ,  1.        ]]