obj_000001 <-> 000019
[[-0.45818201,  0.88884002,  0.00577884, -0.18132966],
 [ 0.84785402,  0.438988  , -0.29737699, -0.11897612],
 [-0.26685801, -0.13135301, -0.95474303,  1.00637469],
 [ 0.        ,  0.        ,  0.        ,  1.        ]]


obj_000002 <-> 000047
[[ 0.50359601,  0.86144   ,  0.0656631 ,  0.12404773],
 [ 0.59978998, -0.293908  , -0.74422401, -0.03846427],
 [-0.62180603,  0.41417301, -0.66469401,  0.94682215],
 [ 0.        ,  0.        ,  0.        ,  1.        ]]

obj_000004 <-> 000044
[[-0.35177401,  0.90803897, -0.227421  ,  0.04992353],
 [ 0.833709  ,  0.193441  , -0.517214  , -0.07217029],
 [-0.425657  , -0.371546  , -0.82508802,  0.90555592],
 [ 0.        ,  0.        ,  0.        ,  1.        ]]

obj_000005 <-> 000057
[[ 0.84208399, -0.49110499, -0.222958  ,  0.24357049],
 [-0.41545299, -0.32701799, -0.84879798, -0.02945241],
 [ 0.34393799,  0.80738801, -0.479408  ,  0.96307225],
 [ 0.        ,  0.        ,  0.        ,  1.        ]]

obj_000009 <-> 000052
[[ 0.92090601, -0.38821799,  0.0349258 , -0.06761805],
[-0.154846  , -0.44659701, -0.88123399, -0.0289228 ],
[ 0.35770801,  0.806126  , -0.47138801,  1.05005166],
[ 0.        ,  0.        ,  0.        ,  1.        ]]

obj_000011 <-> 000024
[[ 0.830208  ,  0.54586202,  0.113091  , -0.08667578],
 [ 0.51065302, -0.66332603, -0.54702199, -0.12505991],
 [-0.223582  ,  0.51189202, -0.82944399,  0.76210326],
 [ 0.        ,  0.        ,  0.        ,  1.        ]]

obj_000012 <-> 000050
[[ 0.34111801, -0.93992603, -0.013323  ,  0.07207165],
 [-0.895329  , -0.32054901, -0.30925   , -0.0153496 ],
 [ 0.286401  ,  0.117419  , -0.95088798,  1.05092002],
 [ 0.        ,  0.        ,  0.        ,  1.        ]]

obj_000013 <-> 000061
[[-0.0296258 , -0.99709803, -0.0701343 ,  0.0145969 ],
 [-0.99949199,  0.0303745 , -0.00963336, -0.06281967],
 [ 0.0117357 ,  0.0698132 , -0.997491  ,  0.79199742],
 [ 0.        ,  0.        ,  0.        ,  1.        ]]

obj_000014 <-> 000062
[[-0.699359  ,  0.70997202, -0.0826833 , -0.03959309],
 [ 0.63521898,  0.56431502, -0.5273    , -0.07430696],
 [-0.32770899, -0.421294  , -0.84564698,  1.01603938],
 [ 0.        ,  0.        ,  0.        ,  1.        ]]


obj_000015 <-> 000034
[[-0.33734199,  0.94099402, -0.0270411 ,  0.03977907],
 [ 0.917229  ,  0.32208601, -0.234418  , -0.17288079],
 [-0.211876  , -0.103882  , -0.97175997,  0.6438696 ],
 [ 0.        ,  0.        ,  0.        ,  1.        ]]